import numpy as np

def get_QC_list():

    ### 1 ###

    standard_chrominance_matrix = np.array([
        [17, 18, 24, 47, 99, 99, 99, 99],
        [18, 21, 26, 66, 99, 99, 99, 99],
        [24, 26, 56, 99, 99, 99, 99, 99],
        [47, 66, 99, 99, 99, 99, 99, 99],
        [99, 99, 99, 99, 99, 99, 99, 99],
        [99, 99, 99, 99, 99, 99, 99, 99],
        [99, 99, 99, 99, 99, 99, 99, 99],
        [99, 99, 99, 99, 99, 99, 99, 99]
    ], dtype=np.int32)

    ### 2 ###

    another_chrominance_matrix = np.array([
        [6, 7, 7, 9, 12, 26, 30, 31],
        [7, 7, 8, 11, 12, 29, 30, 32],
        [7, 8, 9, 12, 26, 30, 31, 33],
        [9, 11, 12, 26, 30, 31, 33, 34],
        [12, 12, 26, 30, 31, 33, 34, 36],
        [26, 29, 30, 31, 33, 34, 36, 37],
        [30, 30, 31, 33, 34, 36, 37, 39],
        [31, 32, 33, 34, 36, 37, 39, 40]
    ], dtype=np.int32)

    ### 3 ###

    yet_another_chrominance_matrix = np.array([
        [11, 12, 14, 18, 24, 49, 72, 82],
        [12, 13, 16, 20, 26, 58, 68, 81],
        [14, 16, 19, 24, 40, 57, 69, 80],
        [18, 20, 24, 28, 51, 87, 103, 121],
        [24, 26, 40, 51, 68, 109, 121, 120],
        [49, 58, 57, 87, 109, 104, 103, 112],
        [72, 68, 69, 103, 121, 103, 99, 99],
        [82, 81, 80, 121, 120, 112, 99, 99]
    ], dtype=np.int32)

    ### Q matrices list ###

    Q = [standard_chrominance_matrix,
         another_chrominance_matrix,
         yet_another_chrominance_matrix
    ]

    return Q